20150002
20150004
20150005
20150006
20150008
20150009
20150010
20150011
20150012
20150013
20150015
20150016
20150017
20150020
20150021
20150023
20150026
20150029
20150031
20150032
20150033
20150034
20150035
20150037
20150038
20150039
20150040
20150041
20150042
20150044
20150045
20150046
20150047
20150048
20150049
20150050
20150051
20150052
20150053
20150054
20150055
20150056
20150057
20150059
20150060
20150061
20150062
20150063
20150064
20150066
20150067
20150068
20150069
20150070
20150071
20150072
20150073
20150074
20150075
20150076
20150078
20150080
20150081
20150082
20150083
20150085
20150086
20150091
20150096
20150098
20150099
20150100
20150102
20150103
20150104
20150105
20150108
20150111
20150112
20150113
20150114
20150116
20150118
20150120
20150121
20150123
20150124
20150125
20150126
20150127
20150128
20150129
20150130
20150131
20150132
20150133
20150135
20150136
20150137
20150140
20150141
20150142
20150143
20150144
20150145
20150146
20150147
20150148
20150149
20150150
20150151
20150152
20150153
20150154
20150155
20150156
20150157
20150158
20150159
20150160
20150161
20150162
20150163
20150164
20150165
20150168
20150169
20150170
20150171
20150172
20150174
20150175
20150176
20150178
20150179
20150180
20150181
20150182
20150184
20150185
20150186
20150188
20150190
20150191
20150193
20150196
20150197
20150198
20150199
20150200
20150201
20150202
20150203
20150204
20150205
20150207
20150208
20150209
20150210
20150211
20150212
20150213
20150214
20150215
20150216
20150217
20150218
20150219
20150220
20150221
20150222
20150223
20150225
20150226
20150227
20150228
20150229
20150230
20150231
20150232
20150233
20150234
20150235
20150236
20150238
20150239
20150241
20150242
20150243
20150244
20150245
20150246
20150247
20150249
20150250
20150251
20150252
20150253
20150254
20150255
20150256
20150257
20150258
20150259
20150260
20150261
20150262
20150263
20150264
20150265
20150266
20150267
20150268
20150269
20150270
20150271
20150272
20150273
20150274
20150275
20150276
20150277
20150278
20150279
20150280
20150281
20150282
20150284
20150285
20150286
20150287
20150288
20150289
20150290
20150291
20150293
20150294
20150295
20150297
20150298
20150304
20150305
20150306
20150307
20150308
20150309
20150311
20150313
20150314
20150316
20150320
20150321
20150322
20150323
20150324
20150326
20150328
20150329
20150330
20150331
20150332
20150333
20150335
20150336
20150339
20150341
20150343
20150344
20150347
20150348
20150350
20150351
20150352
20150353
20150354
20150355
20150357
20150358
20150359
20150361
20150362
20150363
20150364
20150366
20150367
20150368
20150369
20150370
20150371
20150372
20150373
20150374
20150376
20150378
20150379
20150380
20150381
20150382
20150383
20150385
20150386
20150387
20150388
20150389
20150391
20150394
20150395
20150396
20150399
20150401
20150403
20150404
20150406
20150410
20150411
20150412
20150413
20150414
20150416
20150417
20150419
20150422
20150423
20150424
20150425
20150426
20150427
20150428
20150429
20150431
20150432
20150433
20150434
20150435
20150436
20150437
20150438
20150439
20150442
20150443
20150446
20150448
20150449
20150450
20150452
20150455
20150456
20150460
20150461
20150462
20150463
20150464
20150465
20150469
20150470
20150472
20150475
20150476
20150477
20150478
20150480
20150481
20150482
20150483
20150484
20150485
20150486
20150487
20150489
20150490
20150491
20150492
20150493
20150494
20150495
20150496
20150497
20150498
20150499
20150500
20150501
20150502
20150503
20150504
20150505
20150506
20150507
20150508
20150509
20150510
20150513
20150515
20150516
20150517
20150518
20150522
20150524
20150526
20150528
20150530
20150536
20150537
20150538
20150541
20150545
20150547
20150548
20150549
20150550
20150551
20150552
20150553
20150554
20150555
20150556
20150557
20150558
20150559
20150560
20150561
20150562
20150563
20150564
20150565
20150566
20150567
20150568
20150569
20150570
20150571
20150572
20150573
20150574
20150575
20150576
20150577
20150578
20150579
20150580
20150581
20150582
20150583
20150584
20150585
20150586
20150587
20150589
20150592
20150593
20150594
20150595
20150596
20150597
20150598
20150599
20150600
20150601
20150602
20150603
20150604
20150606
20150607
20150608
20150609
20150610
20150612
20150613
20150614
20150615
20150616
20150617
20150618
20150619
20150620
20150621
20150622
20150623
20150624
20150625
20150626
20150627
20150628
20150630
20150631
20150632
20150633
20150635
20150636
20150637
20150638
20150639
20150640
20150641
20150642
20150643
20150644
20150645
20150646
20150647
20150648
20150649
20150650
20150652
20150653
20150655
20150656
20150657
20150658
20150659
20150660
20150661
20150662
20150663
20150664
20150665
20150666
20150667
20150668
20150669
20150670
20150671
20150672
20150673
20150674
20150675
20150676
20150677
20150678
20150679
20150680
20150681
20150682
20150683
20150684
20150685
20150686
20150687
20150688
20150689
20150690
20150691
20150692
20150693
20150694
20150695
20150696
20150697
20150698
20150699
20150700
20150701
20150702
20150703
20150704
20150705
20150706
20150707
20150708
20150709
20150710
20150711
20150712
20150713
20150714
20150715
20150716
20150717
20150718
20150719
20150720
20150721
20150722
20150723
20150724
20150725
20150726
20150727
20150728
20150729
20150730
20150731
20150732
20150733
20150734
20150735
20150736
20150737
20150738
20150739
20150740
20150741
20150742
20150743
20150744
20150745
20150746
20150747
20150748
20150749
20150750
20150751
20150752
20150753
20150754
20150756
20150757
20150758
20150759
20150760
20150761
20150762
20150763
20150764
20150766
20150771
20150772
20150773
20150774
20150783
20150784
20150785
20150786
20150787
20150788
20150789
20150790
20150791
20150793
20150794
20150795
20150796
20150797
20150803
20150804
20150806
20150808
20150809
20150811
20150812
20150813
20150815
20150816
20150819
20150824
20150825
20150827
20150828
20150829
20150830
20150831
20150832
20150834
20150835
20150838
20150839
20150840
20150842
20150843
20150844
20150846
20150847
20150848
20150850
20150851
20150852
20150853
20150854
20150855
20150856
20150857
20150858
20150859
20150860
20150861
20150862
20150863
20150864
20150865
20150866
20150867
20150868
20150869
20150873
20150874
20150875
20150876
20150877
20150878
20150879
20150880
20150881
20150882
20150883
20150884
20150885
20150887
20150888
20150889
20150891
20150892
20150893
20150894
20150895
20150896
20150897
20150898
20150899
20150900
20150901
20150902
20150903
20150904
20150905
20150906
20150907
20150908
20150909
20150910
20150911
20150912
20150913
20150915
20150917
20150918
20150919
20150920
20150922
20150923
20150924
20150926
20150927
20150928
20150929
20150930
20150931
20150932
20150933
20150934
20150936
20150937
20150940
20150941
20150942
20150943
20150944
20150945
20150947
20150953
20150954
20150956
20150958
20150959
20150961
20150963
20150965
20150966
20150967
20150970
20150972
20150978
20150980
20150981
20150983
20150984
20150986
20150991
20150992
20150993
20150995
20150996
20150997
20150999